c = 0.5;
b = 1;