%Umgebung
%T01 = 35; 
%T02 = 2; 
%S01 = 30; 
%S02 = 34; 

%T01 = 1;
%T02 = 0.75;
%S01 = 1;
%S02 = 0.5;

T01 = 1;
T02 = 0.5;
S01 = 0.5;
S02 = 1;

%Golfstrom
%T1 = 30;
%T2 = 10;


%Propfaktoren
a = 1;
b = 1;
c = 1;
kT = 1;
%kS = 1;
kS = 0.1;